-8.,0.03918462763019264
-7.9,0.03628191748870626
-7.8,0.03111938396739559
-7.7,0.023801117597706374
-7.6,0.014631250524608067
-7.5,0.004100411254000299
-7.4,-0.007152299464263288
-7.3,-0.018398014961101578
-7.2,-0.028890448125956446
-7.1,-0.03794249108277628
-7.,-0.04499665304136136
-6.9,-0.04967942398592374
-6.8,-0.051831687724768254
-6.7,-0.051510635928457685
-6.6,-0.048962802794454266
-6.5,-0.04457224240075561
-6.4,-0.03879183466560529
-6.3,-0.03206859122328407
-6.2,-0.02477513342763565
-6.1,-0.017158944272423964
-6.,-0.009318543018004359
-5.9,-0.0012116770073381214
-5.8,0.007304483571713782
-5.699999999999999,0.01640658202153594
-5.6,0.026222070781280686
-5.5,0.0367438563475383
-5.4,0.04775806169991352
-5.3,0.05879958341905335
-5.199999999999999,0.06914691538939086
-5.1,0.07786241588198231
-5.,0.08387747807986402
-4.9,0.08611485844093525
-4.8,0.08363379600879704
-4.699999999999999,0.07577857993521436
-4.6,0.06230878015804444
-4.5,0.04349001729877984
-4.4,0.0201280569435796
-4.3,-0.0064641613662280014
-4.199999999999999,-0.034568001230140075
-4.1,-0.062220648627981635
-4.,-0.08741874644715661
-3.8999999999999995,-0.10833863486400976
-3.8,-0.1235432576137172
-3.7,-0.13214542320459127
-3.5999999999999996,-0.13390118388345315
-3.5,-0.1292153827487672
-3.3999999999999995,-0.11905306196667223
-3.3,-0.10476401244365295
-3.1999999999999993,-0.08784147622830767
-3.0999999999999996,-0.06964792092499825
-3.,-0.051149023518100016
-2.8999999999999995,-0.0327000302228354
-2.8,-0.013925603834833346
-2.6999999999999993,0.00627499327535821
-2.5999999999999996,0.029580282536985164
-2.5,0.05795812812633116
-2.3999999999999995,0.09325855510062131
-2.3,0.13672954883081892
-2.1999999999999993,0.18851366139866715
-2.0999999999999996,0.24719337415107567
-2.,0.30945545567733357
-1.8999999999999995,0.3699380297278248
-1.7999999999999998,0.42130880214372046
-1.6999999999999993,0.45460007690458826
-1.5999999999999996,0.4597980372764532
-1.5,0.42665331071916035
-1.3999999999999995,0.3456505896375178
-1.2999999999999998,0.20905063159917356
-1.1999999999999993,0.01190153598228539
-1.0999999999999996,-0.24708976256825357
-1.,-0.5649289909801086
-0.8999999999999995,-0.9340345520413731
-0.7999999999999998,-1.3423234368368997
-0.6999999999999993,-1.773704436731042
-0.5999999999999996,-2.2089598869090294
-0.5,-2.62695707301515
-0.39999999999999947,-3.0060947984322257
-0.2999999999999998,-3.3258634719084457
-0.1999999999999993,-3.5683816206856913
-0.09999999999999964,-3.7197699226057463
0.,"Indeterminate"
0.09999999999999964,1.8770120346208576
0.20000000000000107,1.8513603797136375
0.3000000000000007,1.8091585039687292
0.40000000000000036,1.751218540814844
0.5,1.6786495001326975
0.5999999999999996,1.5928302206803457
0.7000000000000011,1.4953758912581412
0.8000000000000007,1.3880990598448575
0.9000000000000004,1.2729661971242028
1.,1.1520509965643932
1.0999999999999996,1.0274856742230942
1.200000000000001,0.9014115755106936
1.3000000000000007,0.7759304021797866
1.4000000000000004,0.6530573409082001
1.5,0.5346773062553312
1.6000000000000014,0.422505407857283
1.700000000000001,0.3180526178775611
1.8000000000000007,0.22259745425685673
1.9000000000000004,0.13716431329473489
2.,0.06250888724542276
2.1000000000000014,-0.0008891049551011215
2.200000000000001,-0.05282585663632224
2.3000000000000007,-0.09336627271425142
2.4000000000000004,-0.122830018735282
2.5,-0.14177139254568932
2.6000000000000014,-0.1509537546412374
2.700000000000001,-0.15131939139937128
2.8000000000000007,-0.14395579478103754
2.9000000000000004,-0.1300594198999549
3.,-0.11089802630954075
3.1000000000000014,-0.08777271923493464
3.200000000000001,-0.06198078363827254
3.3000000000000007,-0.03478034835598754
3.4000000000000004,-0.007357831981192848
3.5,0.019200990029274778
3.6000000000000014,0.04393559230023486
3.700000000000001,0.06603042843591686
3.8000000000000007,0.0848293950908744
3.9000000000000004,0.09984481698815648
4.,0.11076091286355785
4.100000000000001,0.11743187265575589
4.200000000000001,0.11987483746747592
4.300000000000001,0.11825822102955061
4.4,0.1128859403036257
4.5,0.10417822984377427
4.600000000000001,0.09264979677707363
4.700000000000001,0.07888612880049499
4.800000000000001,0.06351879538120861
4.9,0.04720058227338924
5.,0.030581272321472536
5.100000000000001,0.014284832968216603
5.200000000000001,-0.0011113046213361796
5.300000000000001,-0.015094285227738567
5.4,-0.027230709857622604
5.5,-0.037178001810578516
5.600000000000001,-0.044692034562505874
5.700000000000001,-0.049630931278806585
5.800000000000001,-0.05195507793852545
5.9,-0.05172351822882707
6.,-0.04908701450788157
6.100000000000001,-0.044278161633507354
6.200000000000001,-0.03759902626627589
6.300000000000001,-0.029406850994051634
6.4,-0.020098408600421135
6.5,-0.010093616098971187
6.600000000000001,0.00018097939308367417
6.700000000000001,0.010308249657667837
6.800000000000001,0.019895514702263268
6.9,0.028588054570522096
7.,0.03608067796319356
7.100000000000001,0.04212700663549443
7.200000000000001,0.046546228297252426
7.300000000000001,0.04922717007751041
7.4,0.05012964585985136
7.5,0.04928313032164126
7.600000000000001,0.04678290687278039
7.700000000000001,0.04278392271561169
7.800000000000001,0.037492659091314405
7.9,0.031157386180683182
8.,0.024057218263939403
